
|=======================================|
| Initialised   1 simulation box(es)    |
| Cell vectors have been reset.         |
|=======================================|


|=======================================|
| Initialised 101 simulation box(es)    |
| Cell vectors have been reset.         |
|=======================================|


|=======================================|
| Initialised    32 chains              |
| Beads per chain :     1               |
| Bead positions have been reset.       |
|=======================================|

 
               _    _          _   _  _____ 
              | |  | |   /\   | \ | |/ ____|
              | |__| |  /  \  |  \| | (___  
              |  __  | / /\ \ | . ` |\___ \ 
              | |  | |/ ____ \| |\  |____) |
              |_|  |_/_/    \_\_| \_|_____/ 
                               
Namespace(bondlength=1.0, iterations=20000.0, nbeads=1, nchains=32, nwalkers=100, processes=1, restart=False, restart_folder=None, time=28800.0, walklength=100)
Creating New Output File
No Overlaps Present
0 20000
Starting Nested Sampling run
iter  volume
0000  480.3913814250579
0100  477.94987779577946
0200  472.18630720095683
0300  462.0301881772042
0400  452.4371503939232
0500  440.8596836379399
0600  428.4793966749007
0700  417.2451262408808
0800  405.14911923361853
0900  394.08093082968776
1000  385.26175733578793
1100  375.5626041945088
1200  365.0171896925241
1300  355.7247173232236
1400  346.060635457418
1500  338.06506160119375
1600  329.9737488141644
1700  322.20353706454125
1800  315.6881063876406
1900  309.06609594523076
2000  302.10455260182715
2100  295.2597365348719
2200  288.0328266444352
2300  281.9885115273041
2400  275.76203633811224
2500  270.425411313782
2600  263.07990273219946
2700  256.1432125591842
2800  250.42938125734227
2900  244.5138444506238
3000  239.2821405799583
3100  234.65688260056487
3200  230.11509406072514
3300  225.1282053304246
3400  219.63163677202604
3500  215.45831269765904
3600  211.06572293117688
3700  206.08137992208853
3800  201.46303443237096
3900  196.3438946280493
4000  192.51064639555173
4100  188.79552005256
4200  184.77099950934095
4300  180.6886899556266
4400  176.7149778420946
4500  173.1308415965231
4600  169.76342035234765
4700  166.6256503769613
4800  163.11163830701537
4900  158.8111438943076
5000  155.32604334766836
5100  151.67848615824627
5200  148.94840939017485
5300  146.45700811213055
5400  143.84640935021017
5500  141.27153184284845
5600  138.8012323228887
5700  135.93327608380525
5800  133.64507940573546
5900  131.10651758604143
6000  128.4253424779584
6100  126.45987044719848
6200  124.15875857795713
6300  121.99147228357657
6400  120.1623676715207
6500  118.45863572201071
6600  116.27604179852634
6700  114.0785656884757
6800  111.84368796296046
6900  110.0220837411091
7000  108.31724153052497
7100  106.30194171685861
7200  104.63593517607674
7300  103.18715321840418
7400  101.66236195691954
7500  100.22121015874265
7600  98.88193223176128
7700  97.4532410147
7800  95.89432634902731
7900  94.34816760383677
8000  92.83353118220639
8100  91.74716649258842
8200  90.55105540422377
8300  89.34715453223575
8400  88.33824233557559
8500  87.29361633344737
8600  86.04895052908472
8700  84.71660411793006
8800  83.35236668843507
8900  82.19274230557409
9000  81.27254821845106
9100  80.1528040274278
9200  79.16311592086656
9300  78.05314603659389
9400  77.1605416751662
9500  76.22669823552556
9600  75.29609345997781
9700  74.4571572680597
9800  73.58671931864191
9900  72.83462701819235
10000  72.11116765087607
10100  71.33463448303522
10200  70.59916966744962
10300  69.80466160322943
10400  68.96598466327126
10500  68.33232446977775
10600  67.61676757934731
10700  66.89377480508097
10800  66.0884737822553
10900  65.459117152648
11000  64.81624577006066
11100  64.11783446590692
11200  63.47120195697489
11300  62.85335262344772
11400  62.238256923200815
11500  61.710050301395306
11600  61.17450284123081
11700  60.575538047498696
11800  60.023518918882246
11900  59.592066096652765
12000  59.22596661363174
12100  58.674142424681015
12200  58.14952560377624
12300  57.6837348007052
12400  57.27467221901652
12500  56.879020552451536
12600  56.50787482601768
12700  56.14154462568706
12800  55.75051286245903
12900  55.297861516618916
13000  54.83319645600621
13100  54.44353504025937
13200  54.0490535671446
13300  53.70057555334458
13400  53.32183985733057
13500  52.98034641903688
13600  52.564889356737424
13700  52.20128765817642
13800  51.8402265044889
13900  51.452388795219235
14000  51.12872549888692
14100  50.71677813185121
14200  50.392424027730875
14300  50.095896999718164
14400  49.820292057490406
14500  49.52395522954474
14600  49.22572521660789
14700  48.95784782812231
14800  48.630252398524036
14900  48.360488654726204
15000  48.04948725629978
15100  47.774736629689684
15200  47.47523441032819
15300  47.17046325237562
15400  46.88195386467734
15500  46.6322378410782
15600  46.33380033956807
15700  46.0649502326277
15800  45.79974501155799
15900  45.548611542116795
16000  45.30461567500764
16100  45.067099121708864
16200  44.85184678730785
16300  44.60634322104272
16400  44.371778186881315
16500  44.09905777419797
16600  43.89071011633898
16700  43.669265135931965
16800  43.48578710827667
16900  43.273150288362096
17000  43.025945612038804
17100  42.81017192070787
17200  42.574173548619044
17300  42.40585699507563
17400  42.19891669729296
17500  42.00843008896932
17600  41.80408285889166
17700  41.58087042915305
17800  41.406531468099715
17900  41.148522968203075
18000  40.97084916320949
18100  40.83109918248839
18200  40.67430376644547
18300  40.51887626682391
18400  40.34437900981446
18500  40.21711656947139
18600  40.0645452153574
18700  39.889433409365886
18800  39.7479889178266
18900  39.57934232646462
19000  39.42701364897132
19100  39.25445031807064
19200  39.12458220805176
19300  38.94867314817378
19400  38.786857128356594
19500  38.62337598390941
19600  38.4512546252889
19700  38.336743114093196
19800  38.19473702646644
19900  38.06914351147487
No Overlaps Present
---------Time elapsed is 90:57.695---------

|=======================================|
| Initialised   1 simulation box(es)    |
| Cell vectors have been reset.         |
|=======================================|


|=======================================|
| Initialised 101 simulation box(es)    |
| Cell vectors have been reset.         |
|=======================================|


|=======================================|
| Initialised    32 chains              |
| Beads per chain :     1               |
| Bead positions have been reset.       |
|=======================================|

 
               _    _          _   _  _____ 
              | |  | |   /\   | \ | |/ ____|
              | |__| |  /  \  |  \| | (___  
              |  __  | / /\ \ | . ` |\___ \ 
              | |  | |/ ____ \| |\  |____) |
              |_|  |_/_/    \_\_| \_|_____/ 
                               
Namespace(bondlength=0.4, iterations=20000.0, nbeads=1, nchains=32, nwalkers=10, processes=1, restart=True, restart_folder='NS_32_1mer.100.100.1/', time=28800.0, walklength=80)
loading settings from prev run
./NS_32_1mer.100.100.1/
No Overlaps Present
20000 40000
Starting Nested Sampling run
iter  volume
20000  37.90908371912887
20100  37.75478436785341
20200  37.64188772899459
20300  37.518284988987034
20400  37.39599268737601
20500  37.27575147610415
20600  37.15165855132625
20700  37.025074087062066
20800  36.933699049931874
20900  36.81365892273704
21000  36.69462879125689
21100  36.596460861781125
21200  36.487464245204535
21300  36.37245419931936
21400  36.23856851177179
21500  36.1382925629342
21600  36.032737644747336
21700  35.94664442550517
21800  35.825369525343106
21900  35.72958686380251
22000  35.6046777714943
22100  35.50290864185814
22200  35.41060849732847
22300  35.3057174460519
22400  35.151218829540994
22500  35.03680904262821
22600  34.92163794940169
22700  34.82708747708707
22800  34.73823507088244
22900  34.639961403917596
23000  34.545917501072566
23100  34.45710829379616
23200  34.37606561259054
23300  34.28287188597222
23400  34.18323696505584
23500  34.091654928547186
23600  33.99549578100211
23700  33.889156340232134
23800  33.80934486041255
23900  33.70843675862118
24000  33.61150668663731
24100  33.50522132129508
24200  33.40879994454415
24300  33.31906753085306
24400  33.22070595506094
24500  33.141168852537994
24600  33.04496052380703
24700  32.9435502221655
24800  32.85571808827521
24900  32.77313942124085
25000  32.677068687141194
25100  32.577224341469204
25200  32.49575599044604
25300  32.39806985345686
25400  32.32224701668483
25500  32.23674296442893
25600  32.1449372614221
25700  32.05893011877066
25800  31.980790545260895
25900  31.879088950028404
26000  31.784239879686368
26100  31.707430914760046
26200  31.615773841555804
26300  31.524706837931518
26400  31.440207660630445
26500  31.33757026533407
26600  31.249197332804357
26700  31.16754159077351
26800  31.087988215757537
26900  30.997515579400396
27000  30.91699997118853
27100  30.835459102213996
27200  30.754193507886797
27300  30.658379418624847
27400  30.584759805570922
27500  30.50649313532704
27600  30.430700086643228
27700  30.363753979145617
27800  30.287738304182298
27900  30.20180985678087
28000  30.120735171740023
28100  30.058819082924217
28200  30.004957924694935
28300  29.935061619761
28400  29.862912274429902
28500  29.794326660393516
28600  29.719987559083627
28700  29.651684253931478
28800  29.582613049815045
28900  29.506926150272292
29000  29.43152830548891
29100  29.36258022659579
29200  29.285072456303155
29300  29.22327165149544
29400  29.149294704933087
29500  29.082807029329324
29600  29.015331005067747
29700  28.947641847853703
29800  28.887086984866457
29900  28.826728396100123
30000  28.774595714914277
30100  28.728445967697148
30200  28.67132237267847
30300  28.60771434399278
30400  28.552328679777816
30500  28.493428368342855
30600  28.433438043845136
30700  28.37377234904079
30800  28.314117351950138
30900  28.259266548006114
31000  28.198924785442955
31100  28.139787146889162
31200  28.080570905126212
31300  28.028173430070716
31400  27.96536690601333
31500  27.901664191383496
31600  27.842829949751078
31700  27.79757480414137
31800  27.746909924743672
31900  27.692726184273603
32000  27.63487993230826
32100  27.578698687699088
32200  27.52986165158903
32300  27.478241413897244
32400  27.41713606519688
32500  27.366087330135038
32600  27.307750739348307
32700  27.25918571164469
32800  27.21795422102607
32900  27.17227428939937
33000  27.11717110728968
33100  27.06333655738973
33200  27.023290852781976
33300  26.98393725446863
33400  26.94895098010145
33500  26.90786889120637
33600  26.867590100782976
33700  26.815457361125105
33800  26.772610825817914
33900  26.730639972576334
34000  26.687481491185686
34100  26.646011695433508
34200  26.607525255818864
34300  26.563792684249357
34400  26.521436824554105
34500  26.482922972617228
34600  26.44565196301804
34700  26.407910010475362
34800  26.37520959132074
34900  26.339573818505464
35000  26.306215495049727
35100  26.267275069491518
35200  26.236916010174717
35300  26.20890569036937
35400  26.174061294875337
35500  26.138954486844263
35600  26.10203145148536
35700  26.068518611453378
35800  26.031075169159532
35900  26.00023330607733
36000  25.970382507861935
36100  25.937259887156205
36200  25.906559833757456
36300  25.87428337001811
36400  25.83903511992982
36500  25.807645171425012
36600  25.77536830888299
36700  25.741416523543272
36800  25.707297816540162
36900  25.67929158607243
37000  25.641056534745708
37100  25.608751889575778
37200  25.57812667615295
37300  25.553113548030936
37400  25.52344456594811
37500  25.499348825198215
37600  25.469547723282293
37700  25.442320910583646
37800  25.41397371257335
37900  25.38484779711435
38000  25.36275506671414
38100  25.33300370127281
38200  25.303145155098342
38300  25.27630052862942
38400  25.248225543941718
38500  25.22625338939237
38600  25.198430504880417
38700  25.170681198682413
38800  25.148401379156745
38900  25.118992755620646
39000  25.094655387832624
39100  25.06789711549011
39200  25.043346513629942
39300  25.019708255112395
39400  24.996596804383252
39500  24.973779567254383
39600  24.951268360814105
39700  24.930905284582487
39800  24.9101165527778
39900  24.88512506170509
No Overlaps Present
---------Time elapsed is 210:07.886---------
